0 0.000000000000000e+00 2.319563214512520e+15 -3.402258931131417e-07  3.082996476508855e-54  0.000000000000000e+00  2.656986196360600e-54 -3.402258931131417e-07  0.000000000000000e+00  0.000000000000000e+00  0.000000000000000e+00 -3.402258931131417e-07 -1.020677679339425e-06 5.892885329224597e-07 0.000000000000000e+00 0.000000000000000e+00 0.000000000000000e+00 0.000000000000000e+00 0.000000000000000e+00 0.000000000000000e+00 0.000000000000000e+00 0.000000000000000e+00 0.000000000000000e+00 0.000000000000000e+00 0.000000000000000e+00 
1 2.319563214512520e+15 2.319563214512520e+15 -2.673709576674529e-07 -3.362251491762293e-27  0.000000000000000e+00 -5.726508826855291e-27 -2.673709576674529e-07  0.000000000000000e+00  0.000000000000000e+00  0.000000000000000e+00 -3.994923203043968e-07 -9.342342356393024e-07 5.500623346405501e-07 0.000000000000000e+00 0.000000000000000e+00 0.000000000000000e+00 0.000000000000000e+00 0.000000000000000e+00 0.000000000000000e+00 0.000000000000000e+00 0.000000000000000e+00 0.000000000000000e+00 0.000000000000000e+00 0.000000000000000e+00 
2 4.639126429025040e+15 2.319563214512520e+15 -1.939274224641399e-07 -3.430646657415116e-27  0.000000000000000e+00  1.793470872140198e-27 -1.939274224641399e-07  0.000000000000000e+00  0.000000000000000e+00  0.000000000000000e+00 -4.576563176301910e-07 -8.455111625584708e-07 5.335400598211874e-07 0.000000000000000e+00 0.000000000000000e+00 0.000000000000000e+00 0.000000000000000e+00 0.000000000000000e+00 0.000000000000000e+00 0.000000000000000e+00 0.000000000000000e+00 0.000000000000000e+00 0.000000000000000e+00 0.000000000000000e+00 
3 6.958689643537560e+15 2.319563214512520e+15 -1.199002734686320e-07  5.440338237869645e-27  0.000000000000000e+00  2.834279017948382e-27 -1.199002734686320e-07  0.000000000000000e+00  0.000000000000000e+00  0.000000000000000e+00 -5.147450309669822e-07 -7.545455779042463e-07 5.419544243392658e-07 0.000000000000000e+00 0.000000000000000e+00 0.000000000000000e+00 0.000000000000000e+00 0.000000000000000e+00 0.000000000000000e+00 0.000000000000000e+00 0.000000000000000e+00 0.000000000000000e+00 0.000000000000000e+00 0.000000000000000e+00 
3 6.958689643537560e+15 2.087606893061268e+16 -1.199002734686313e-07  1.385495503429152e-27  0.000000000000000e+00  4.792693922001533e-27 -1.199002734686313e-07  0.000000000000000e+00  0.000000000000000e+00  0.000000000000000e+00 -5.147450309669828e-07 -7.545455779042454e-07 5.419544243392659e-07 0.000000000000000e+00 0.000000000000000e+00 0.000000000000000e+00 0.000000000000000e+00 0.000000000000000e+00 0.000000000000000e+00 0.000000000000000e+00 0.000000000000000e+00 0.000000000000000e+00 0.000000000000000e+00 0.000000000000000e+00 
4 2.783475857415024e+16 2.087606893061268e+16  5.720557833287849e-07 -3.308735415361039e-26  0.000000000000000e+00 -2.043536989950172e-26  5.720557833287852e-07  0.000000000000000e+00  0.000000000000000e+00  0.000000000000000e+00 -9.842461061356362e-07 1.598654605219339e-07 1.274062806898852e-06 0.000000000000000e+00 0.000000000000000e+00 0.000000000000000e+00 0.000000000000000e+00 0.000000000000000e+00 0.000000000000000e+00 0.000000000000000e+00 0.000000000000000e+00 0.000000000000000e+00 0.000000000000000e+00 0.000000000000000e+00 
5 4.871082750476292e+16 2.087606893061268e+16  1.307923264165137e-06 -4.068927371520590e-27  0.000000000000000e+00 1.515472888956391e-26 1.307923264165137e-06 0.000000000000000e+00  0.000000000000000e+00  0.000000000000000e+00 -1.385704632754610e-06 1.230141895575665e-06 2.311169370497620e-06 0.000000000000000e+00 0.000000000000000e+00 0.000000000000000e+00 0.000000000000000e+00 0.000000000000000e+00 0.000000000000000e+00 0.000000000000000e+00 0.000000000000000e+00 0.000000000000000e+00 0.000000000000000e+00 0.000000000000000e+00 
6 6.958689643537560e+16 2.087606893061268e+16  2.085175959228748e-06 -4.257285148721950e-26  0.000000000000000e+00 -1.123418189977877e-25  2.085175959228748e-06  0.000000000000000e+00  0.000000000000000e+00  0.000000000000000e+00 -1.733173849112058e-06 2.437178069345437e-06 3.420498377888369e-06 0.000000000000000e+00 0.000000000000000e+00 0.000000000000000e+00 0.000000000000000e+00 0.000000000000000e+00 0.000000000000000e+00 0.000000000000000e+00 0.000000000000000e+00 0.000000000000000e+00 0.000000000000000e+00 0.000000000000000e+00 
6 6.958689643537560e+16 2.087606893061269e+17  2.085175959228747e-06 -1.785532131466947e-26  0.000000000000000e+00 6.331851147640495e-26 2.085175959228747e-06 0.000000000000000e+00  0.000000000000000e+00  0.000000000000000e+00 -1.733173849112055e-06 2.437178069345439e-06 3.420498377888367e-06 0.000000000000000e+00 0.000000000000000e+00 0.000000000000000e+00 0.000000000000000e+00 0.000000000000000e+00 0.000000000000000e+00 0.000000000000000e+00 0.000000000000000e+00 0.000000000000000e+00 0.000000000000000e+00 0.000000000000000e+00 
7 2.783475857415025e+17 2.087606893061269e+17 1.197833888234663e-05 6.784408691217709e-26 0.000000000000000e+00 3.864463140754768e-25 1.197833888234663e-05 0.000000000000000e+00  0.000000000000000e+00  0.000000000000000e+00 -3.940455543438442e-06 2.001622222125481e-05 1.739219349738522e-05 0.000000000000000e+00 0.000000000000000e+00 0.000000000000000e+00 0.000000000000000e+00 0.000000000000000e+00 0.000000000000000e+00 0.000000000000000e+00 0.000000000000000e+00 0.000000000000000e+00 0.000000000000000e+00 0.000000000000000e+00 
8 4.871082750476294e+17 2.087606893061269e+17 2.522075740357633e-05 4.072259267183652e-25 0.000000000000000e+00 1.604221954301267e-24 2.522075740357633e-05 0.000000000000000e+00  0.000000000000000e+00  0.000000000000000e+00 -6.066074045369915e-06 4.437544076178274e-05 3.617969682493222e-05 0.000000000000000e+00 0.000000000000000e+00 0.000000000000000e+00 0.000000000000000e+00 0.000000000000000e+00 0.000000000000000e+00 0.000000000000000e+00 0.000000000000000e+00 0.000000000000000e+00 0.000000000000000e+00 0.000000000000000e+00 
9 6.958689643537564e+17 2.087606893061269e+17  4.111631553189698e-05 -1.180322986671988e-24  0.000000000000000e+00 -1.100061891759636e-24  4.111631553189698e-05  0.000000000000000e+00  0.000000000000000e+00  0.000000000000000e+00 -8.692750279474763e-06 7.353988078431919e-05 5.879342406475689e-05 0.000000000000000e+00 0.000000000000000e+00 0.000000000000000e+00 0.000000000000000e+00 0.000000000000000e+00 0.000000000000000e+00 0.000000000000000e+00 0.000000000000000e+00 0.000000000000000e+00 0.000000000000000e+00 0.000000000000000e+00 
9 6.958689643537564e+17 2.087606893061268e+18 4.111631553189699e-05 1.749698260244242e-24 0.000000000000000e+00 4.262086629695593e-25 4.111631553189697e-05 0.000000000000000e+00  0.000000000000000e+00  0.000000000000000e+00 -8.692750279474768e-06 7.353988078431919e-05 5.879342406475689e-05 0.000000000000000e+00 0.000000000000000e+00 0.000000000000000e+00 0.000000000000000e+00 0.000000000000000e+00 0.000000000000000e+00 0.000000000000000e+00 0.000000000000000e+00 0.000000000000000e+00 0.000000000000000e+00 0.000000000000000e+00 
10 2.783475857415025e+18 2.087606893061268e+18 1.691186512500472e-04 1.080159068296671e-24 0.000000000000000e+00 5.361868891689568e-24 1.691186512500473e-04 0.000000000000000e+00  0.000000000000000e+00  0.000000000000000e+00 -3.545538044939263e-05 3.027819220507019e-04 2.417836231097577e-04 0.000000000000000e+00 0.000000000000000e+00 0.000000000000000e+00 0.000000000000000e+00 0.000000000000000e+00 0.000000000000000e+00 0.000000000000000e+00 0.000000000000000e+00 0.000000000000000e+00 0.000000000000000e+00 0.000000000000000e+00 
11 4.871082750476292e+18 2.087606893061268e+18 2.178178482968542e-04 5.057330230645597e-24 0.000000000000000e+00 2.132556745647551e-24 2.178178482968541e-04 0.000000000000000e+00  0.000000000000000e+00  0.000000000000000e+00 -7.202846548397963e-05 3.636072311097286e-04 3.163500117169582e-04 0.000000000000000e+00 0.000000000000000e+00 0.000000000000000e+00 0.000000000000000e+00 0.000000000000000e+00 0.000000000000000e+00 0.000000000000000e+00 0.000000000000000e+00 0.000000000000000e+00 0.000000000000000e+00 0.000000000000000e+00 
12 6.958689643537560e+18 2.087606893061268e+18 2.501579964652836e-04 7.119652418104379e-24 0.000000000000000e+00 1.138983994861650e-23 2.501579964652837e-04 0.000000000000000e+00  0.000000000000000e+00  0.000000000000000e+00 -1.205879971729536e-04 3.797279957576137e-04 3.737639782713604e-04 0.000000000000000e+00 0.000000000000000e+00 0.000000000000000e+00 0.000000000000000e+00 0.000000000000000e+00 0.000000000000000e+00 0.000000000000000e+00 0.000000000000000e+00 0.000000000000000e+00 0.000000000000000e+00 0.000000000000000e+00 
12 6.958689643537560e+18 2.087606893061268e+19  2.501579964652836e-04 -3.573849952999857e-24  0.000000000000000e+00 -1.874648323274643e-24  2.501579964652836e-04  0.000000000000000e+00  0.000000000000000e+00  0.000000000000000e+00 -1.205879971729536e-04 3.797279957576137e-04 3.737639782713604e-04 0.000000000000000e+00 0.000000000000000e+00 0.000000000000000e+00 0.000000000000000e+00 0.000000000000000e+00 0.000000000000000e+00 0.000000000000000e+00 0.000000000000000e+00 0.000000000000000e+00 0.000000000000000e+00 0.000000000000000e+00 
13 2.783475857415024e+19 2.087606893061268e+19 nan nan nan nan nan nan nan nan nan nan nan 0.000000000000000e+00 0.000000000000000e+00 0.000000000000000e+00 0.000000000000000e+00 0.000000000000000e+00 0.000000000000000e+00 0.000000000000000e+00 0.000000000000000e+00 0.000000000000000e+00 0.000000000000000e+00 0.000000000000000e+00 
14 4.871082750476291e+19 2.087606893061268e+19 nan nan nan nan nan nan nan nan nan nan nan 0.000000000000000e+00 0.000000000000000e+00 0.000000000000000e+00 0.000000000000000e+00 0.000000000000000e+00 0.000000000000000e+00 0.000000000000000e+00 0.000000000000000e+00 0.000000000000000e+00 0.000000000000000e+00 0.000000000000000e+00 
15 6.958689643537559e+19 2.087606893061268e+19 nan nan nan nan nan nan nan nan nan nan nan 0.000000000000000e+00 0.000000000000000e+00 0.000000000000000e+00 0.000000000000000e+00 0.000000000000000e+00 0.000000000000000e+00 0.000000000000000e+00 0.000000000000000e+00 0.000000000000000e+00 0.000000000000000e+00 0.000000000000000e+00 
15 6.958689643537559e+19 2.319563214512520e+19 nan nan nan nan nan nan nan nan nan nan nan 0.000000000000000e+00 0.000000000000000e+00 0.000000000000000e+00 0.000000000000000e+00 0.000000000000000e+00 0.000000000000000e+00 0.000000000000000e+00 0.000000000000000e+00 0.000000000000000e+00 0.000000000000000e+00 0.000000000000000e+00 
16 9.278252858050078e+19 2.319563214512520e+19 nan nan nan nan nan nan nan nan nan nan nan 0.000000000000000e+00 0.000000000000000e+00 0.000000000000000e+00 0.000000000000000e+00 0.000000000000000e+00 0.000000000000000e+00 0.000000000000000e+00 0.000000000000000e+00 0.000000000000000e+00 0.000000000000000e+00 0.000000000000000e+00 
17 1.159781607256260e+20 2.319563214512520e+19 nan nan nan nan nan nan nan nan nan nan nan 0.000000000000000e+00 0.000000000000000e+00 0.000000000000000e+00 0.000000000000000e+00 0.000000000000000e+00 0.000000000000000e+00 0.000000000000000e+00 0.000000000000000e+00 0.000000000000000e+00 0.000000000000000e+00 0.000000000000000e+00 
18 1.391737928707512e+20 2.319563214512520e+19 nan nan nan nan nan nan nan nan nan nan nan 0.000000000000000e+00 0.000000000000000e+00 0.000000000000000e+00 0.000000000000000e+00 0.000000000000000e+00 0.000000000000000e+00 0.000000000000000e+00 0.000000000000000e+00 0.000000000000000e+00 0.000000000000000e+00 0.000000000000000e+00 
18 1.391737928707512e+20 6.958689643537561e+19 nan nan nan nan nan nan nan nan nan nan nan 0.000000000000000e+00 0.000000000000000e+00 0.000000000000000e+00 0.000000000000000e+00 0.000000000000000e+00 0.000000000000000e+00 0.000000000000000e+00 0.000000000000000e+00 0.000000000000000e+00 0.000000000000000e+00 0.000000000000000e+00 
19 2.087606893061268e+20 6.958689643537561e+19 nan nan nan nan nan nan nan nan nan nan nan 0.000000000000000e+00 0.000000000000000e+00 0.000000000000000e+00 0.000000000000000e+00 0.000000000000000e+00 0.000000000000000e+00 0.000000000000000e+00 0.000000000000000e+00 0.000000000000000e+00 0.000000000000000e+00 0.000000000000000e+00 
20 2.783475857415024e+20 6.958689643537561e+19 nan nan nan nan nan nan nan nan nan nan nan 0.000000000000000e+00 0.000000000000000e+00 0.000000000000000e+00 0.000000000000000e+00 0.000000000000000e+00 0.000000000000000e+00 0.000000000000000e+00 0.000000000000000e+00 0.000000000000000e+00 0.000000000000000e+00 0.000000000000000e+00 
21 3.479344821768781e+20 6.958689643537561e+19 nan nan nan nan nan nan nan nan nan nan nan 0.000000000000000e+00 0.000000000000000e+00 0.000000000000000e+00 0.000000000000000e+00 0.000000000000000e+00 0.000000000000000e+00 0.000000000000000e+00 0.000000000000000e+00 0.000000000000000e+00 0.000000000000000e+00 0.000000000000000e+00 
21 3.479344821768781e+20 1.159781607256260e+20 nan nan nan nan nan nan nan nan nan nan nan 0.000000000000000e+00 0.000000000000000e+00 0.000000000000000e+00 0.000000000000000e+00 0.000000000000000e+00 0.000000000000000e+00 0.000000000000000e+00 0.000000000000000e+00 0.000000000000000e+00 0.000000000000000e+00 0.000000000000000e+00 
22 4.639126429025041e+20 1.159781607256260e+20 nan nan nan nan nan nan nan nan nan nan nan 0.000000000000000e+00 0.000000000000000e+00 0.000000000000000e+00 0.000000000000000e+00 0.000000000000000e+00 0.000000000000000e+00 0.000000000000000e+00 0.000000000000000e+00 0.000000000000000e+00 0.000000000000000e+00 0.000000000000000e+00 
23 5.798908036281301e+20 1.159781607256260e+20 nan nan nan nan nan nan nan nan nan nan nan 0.000000000000000e+00 0.000000000000000e+00 0.000000000000000e+00 0.000000000000000e+00 0.000000000000000e+00 0.000000000000000e+00 0.000000000000000e+00 0.000000000000000e+00 0.000000000000000e+00 0.000000000000000e+00 0.000000000000000e+00 
24 6.958689643537561e+20 1.159781607256260e+20 nan nan nan nan nan nan nan nan nan nan nan 0.000000000000000e+00 0.000000000000000e+00 0.000000000000000e+00 0.000000000000000e+00 0.000000000000000e+00 0.000000000000000e+00 0.000000000000000e+00 0.000000000000000e+00 0.000000000000000e+00 0.000000000000000e+00 0.000000000000000e+00 
