0 0.000000000000000e+00 6.958689643537561e+19 -5.006678952634578e-07  5.510574519215784e-54  0.000000000000000e+00  6.042181871546942e-54 -5.006678952634578e-07  0.000000000000000e+00  0.000000000000000e+00  0.000000000000000e+00 -5.006678952634578e-07 -1.502003685790373e-06 8.671822323148821e-07 0.000000000000000e+00 0.000000000000000e+00 0.000000000000000e+00 0.000000000000000e+00 0.000000000000000e+00 0.000000000000000e+00 0.000000000000000e+00 0.000000000000000e+00 0.000000000000000e+00 0.000000000000000e+00 0.000000000000000e+00 
1 6.958689643537561e+19 6.958689643537561e+19 nan nan nan nan nan nan nan nan nan nan nan 0.000000000000000e+00 0.000000000000000e+00 0.000000000000000e+00 0.000000000000000e+00 0.000000000000000e+00 0.000000000000000e+00 0.000000000000000e+00 0.000000000000000e+00 0.000000000000000e+00 0.000000000000000e+00 0.000000000000000e+00 
1 6.958689643537561e+19 6.958689643537561e+19 nan nan nan nan nan nan nan nan nan nan nan 0.000000000000000e+00 0.000000000000000e+00 0.000000000000000e+00 0.000000000000000e+00 0.000000000000000e+00 0.000000000000000e+00 0.000000000000000e+00 0.000000000000000e+00 0.000000000000000e+00 0.000000000000000e+00 0.000000000000000e+00 
2 1.391737928707512e+20 6.958689643537561e+19 nan nan nan nan nan nan nan nan nan nan nan 0.000000000000000e+00 0.000000000000000e+00 0.000000000000000e+00 0.000000000000000e+00 0.000000000000000e+00 0.000000000000000e+00 0.000000000000000e+00 0.000000000000000e+00 0.000000000000000e+00 0.000000000000000e+00 0.000000000000000e+00 
3 2.087606893061268e+20 6.958689643537561e+19 nan nan nan nan nan nan nan nan nan nan nan 0.000000000000000e+00 0.000000000000000e+00 0.000000000000000e+00 0.000000000000000e+00 0.000000000000000e+00 0.000000000000000e+00 0.000000000000000e+00 0.000000000000000e+00 0.000000000000000e+00 0.000000000000000e+00 0.000000000000000e+00 
4 2.783475857415024e+20 6.958689643537561e+19 nan nan nan nan nan nan nan nan nan nan nan 0.000000000000000e+00 0.000000000000000e+00 0.000000000000000e+00 0.000000000000000e+00 0.000000000000000e+00 0.000000000000000e+00 0.000000000000000e+00 0.000000000000000e+00 0.000000000000000e+00 0.000000000000000e+00 0.000000000000000e+00 
5 3.479344821768781e+20 6.958689643537561e+19 nan nan nan nan nan nan nan nan nan nan nan 0.000000000000000e+00 0.000000000000000e+00 0.000000000000000e+00 0.000000000000000e+00 0.000000000000000e+00 0.000000000000000e+00 0.000000000000000e+00 0.000000000000000e+00 0.000000000000000e+00 0.000000000000000e+00 0.000000000000000e+00 
6 4.175213786122537e+20 6.958689643537561e+19 nan nan nan nan nan nan nan nan nan nan nan 0.000000000000000e+00 0.000000000000000e+00 0.000000000000000e+00 0.000000000000000e+00 0.000000000000000e+00 0.000000000000000e+00 0.000000000000000e+00 0.000000000000000e+00 0.000000000000000e+00 0.000000000000000e+00 0.000000000000000e+00 
6 4.175213786122537e+20 6.958689643537561e+19 nan nan nan nan nan nan nan nan nan nan nan 0.000000000000000e+00 0.000000000000000e+00 0.000000000000000e+00 0.000000000000000e+00 0.000000000000000e+00 0.000000000000000e+00 0.000000000000000e+00 0.000000000000000e+00 0.000000000000000e+00 0.000000000000000e+00 0.000000000000000e+00 
7 4.871082750476293e+20 6.958689643537561e+19 nan nan nan nan nan nan nan nan nan nan nan 0.000000000000000e+00 0.000000000000000e+00 0.000000000000000e+00 0.000000000000000e+00 0.000000000000000e+00 0.000000000000000e+00 0.000000000000000e+00 0.000000000000000e+00 0.000000000000000e+00 0.000000000000000e+00 0.000000000000000e+00 
8 5.566951714830050e+20 6.958689643537561e+19 nan nan nan nan nan nan nan nan nan nan nan 0.000000000000000e+00 0.000000000000000e+00 0.000000000000000e+00 0.000000000000000e+00 0.000000000000000e+00 0.000000000000000e+00 0.000000000000000e+00 0.000000000000000e+00 0.000000000000000e+00 0.000000000000000e+00 0.000000000000000e+00 
9 6.262820679183806e+20 6.958689643537561e+19 nan nan nan nan nan nan nan nan nan nan nan 0.000000000000000e+00 0.000000000000000e+00 0.000000000000000e+00 0.000000000000000e+00 0.000000000000000e+00 0.000000000000000e+00 0.000000000000000e+00 0.000000000000000e+00 0.000000000000000e+00 0.000000000000000e+00 0.000000000000000e+00 
10 6.958689643537562e+20 6.958689643537561e+19  1.545364767246367e-03 -1.193458453876026e-23  0.000000000000000e+00 -2.421818192647345e-23  1.545364767246366e-03  0.000000000000000e+00  0.000000000000000e+00  0.000000000000000e+00 -2.942560800441624e-03 1.481687340511087e-04 3.665374277203964e-03 0.000000000000000e+00 0.000000000000000e+00 0.000000000000000e+00 0.000000000000000e+00 0.000000000000000e+00 0.000000000000000e+00 0.000000000000000e+00 0.000000000000000e+00 0.000000000000000e+00 0.000000000000000e+00 0.000000000000000e+00 
11 7.654558607891319e+20 6.958689643537561e+19 1.687472660264104e-03 9.674420409867594e-23 0.000000000000000e+00 -8.029486328668754e-24  1.687472660264104e-03  0.000000000000000e+00  0.000000000000000e+00  0.000000000000000e+00 -2.950666110753027e-03 4.242792097751817e-04 3.794938531178604e-03 0.000000000000000e+00 0.000000000000000e+00 0.000000000000000e+00 0.000000000000000e+00 0.000000000000000e+00 0.000000000000000e+00 0.000000000000000e+00 0.000000000000000e+00 0.000000000000000e+00 0.000000000000000e+00 0.000000000000000e+00 
11 7.654558607891319e+20 6.958689643537561e+19  1.687472660264105e-03 -5.016144109893100e-24  0.000000000000000e+00 -4.165410592347713e-24  1.687472660264104e-03  0.000000000000000e+00  0.000000000000000e+00  0.000000000000000e+00 -2.950666110753025e-03 4.242792097751843e-04 3.794938531178603e-03 0.000000000000000e+00 0.000000000000000e+00 0.000000000000000e+00 0.000000000000000e+00 0.000000000000000e+00 0.000000000000000e+00 0.000000000000000e+00 0.000000000000000e+00 0.000000000000000e+00 0.000000000000000e+00 0.000000000000000e+00 
12 8.350427572245075e+20 6.958689643537561e+19  1.829541399798158e-03 -5.645519025869894e-23  0.000000000000000e+00 4.737887172668625e-23 1.829541399798159e-03 0.000000000000000e+00  0.000000000000000e+00  0.000000000000000e+00 -2.957817460714131e-03 7.012653388821862e-04 3.929774497099827e-03 0.000000000000000e+00 0.000000000000000e+00 0.000000000000000e+00 0.000000000000000e+00 0.000000000000000e+00 0.000000000000000e+00 0.000000000000000e+00 0.000000000000000e+00 0.000000000000000e+00 0.000000000000000e+00 0.000000000000000e+00 
13 9.046296536598831e+20 6.958689643537561e+19 1.971574430875084e-03 9.637057555248871e-23 0.000000000000000e+00 1.475022015583441e-22 1.971574430875085e-03 0.000000000000000e+00  0.000000000000000e+00  0.000000000000000e+00 -2.964145691325147e-03 9.790031704250226e-04 4.069443592478247e-03 0.000000000000000e+00 0.000000000000000e+00 0.000000000000000e+00 0.000000000000000e+00 0.000000000000000e+00 0.000000000000000e+00 0.000000000000000e+00 0.000000000000000e+00 0.000000000000000e+00 0.000000000000000e+00 0.000000000000000e+00 
14 9.742165500952588e+20 6.958689643537561e+19 2.113574605858698e-03 2.796358342871471e-22 0.000000000000000e+00 2.242627054602135e-22 2.113574605858698e-03 0.000000000000000e+00  0.000000000000000e+00  0.000000000000000e+00 -2.969758705934284e-03 1.257390505783112e-03 4.213533196799803e-03 0.000000000000000e+00 0.000000000000000e+00 0.000000000000000e+00 0.000000000000000e+00 0.000000000000000e+00 0.000000000000000e+00 0.000000000000000e+00 0.000000000000000e+00 0.000000000000000e+00 0.000000000000000e+00 0.000000000000000e+00 
15 1.043803446530634e+21 6.958689643537561e+19  2.255544337724896e-03 -3.497485176477548e-22  0.000000000000000e+00 -2.954177316293543e-22  2.255544337724896e-03  0.000000000000000e+00  0.000000000000000e+00  0.000000000000000e+00 -2.974746564857801e-03 1.536342110591991e-03 4.361659964281828e-03 0.000000000000000e+00 0.000000000000000e+00 0.000000000000000e+00 0.000000000000000e+00 0.000000000000000e+00 0.000000000000000e+00 0.000000000000000e+00 0.000000000000000e+00 0.000000000000000e+00 0.000000000000000e+00 0.000000000000000e+00 
16 1.113390342966010e+21 6.958689643537561e+19 2.397485703118299e-03 2.575243906540063e-22 0.000000000000000e+00 7.636459656850225e-23 2.397485703118298e-03 0.000000000000000e+00  0.000000000000000e+00  0.000000000000000e+00 -2.979185185296797e-03 1.815786220939801e-03 4.513470921763559e-03 0.000000000000000e+00 0.000000000000000e+00 0.000000000000000e+00 0.000000000000000e+00 0.000000000000000e+00 0.000000000000000e+00 0.000000000000000e+00 0.000000000000000e+00 0.000000000000000e+00 0.000000000000000e+00 0.000000000000000e+00 
16 1.113390342966010e+21 6.958689643537561e+19 2.397485703118304e-03 3.777553893129451e-23 0.000000000000000e+00 -3.407180927643611e-22  2.397485703118304e-03  0.000000000000000e+00  0.000000000000000e+00  0.000000000000000e+00 -2.979185185296796e-03 1.815786220939811e-03 4.513470921763564e-03 0.000000000000000e+00 0.000000000000000e+00 0.000000000000000e+00 0.000000000000000e+00 0.000000000000000e+00 0.000000000000000e+00 0.000000000000000e+00 0.000000000000000e+00 0.000000000000000e+00 0.000000000000000e+00 0.000000000000000e+00 
17 1.182977239401386e+21 6.958689643537561e+19  2.539400514086068e-03 -1.054867559653658e-22  0.000000000000000e+00 1.170597178797009e-22 2.539400514086067e-03 0.000000000000000e+00  0.000000000000000e+00  0.000000000000000e+00 -2.983139103655763e-03 2.095661924516372e-03 4.668643149100312e-03 0.000000000000000e+00 0.000000000000000e+00 0.000000000000000e+00 0.000000000000000e+00 0.000000000000000e+00 0.000000000000000e+00 0.000000000000000e+00 0.000000000000000e+00 0.000000000000000e+00 0.000000000000000e+00 0.000000000000000e+00 
18 1.252564135836761e+21 6.958689643537561e+19 2.681290369688898e-03 2.986614876272431e-22 0.000000000000000e+00 3.038057458791506e-22 2.681290369688898e-03 0.000000000000000e+00  0.000000000000000e+00  0.000000000000000e+00 -2.986663568442677e-03 2.375917170935119e-03 4.826882572037111e-03 0.000000000000000e+00 0.000000000000000e+00 0.000000000000000e+00 0.000000000000000e+00 0.000000000000000e+00 0.000000000000000e+00 0.000000000000000e+00 0.000000000000000e+00 0.000000000000000e+00 0.000000000000000e+00 0.000000000000000e+00 
19 1.322151032272137e+21 6.958689643537561e+19 2.823156694103581e-03 3.594637205851661e-22 0.000000000000000e+00 3.415754276306774e-22 2.823156694103582e-03 0.000000000000000e+00  0.000000000000000e+00  0.000000000000000e+00 -2.989806185014501e-03 2.656507203192662e-03 4.987922259104957e-03 0.000000000000000e+00 0.000000000000000e+00 0.000000000000000e+00 0.000000000000000e+00 0.000000000000000e+00 0.000000000000000e+00 0.000000000000000e+00 0.000000000000000e+00 0.000000000000000e+00 0.000000000000000e+00 0.000000000000000e+00 
20 1.391737928707512e+21 6.958689643537561e+19 2.965000765574943e-03 1.571645166815631e-22 0.000000000000000e+00 -1.159856630533259e-22  2.965000765574943e-03  0.000000000000000e+00  0.000000000000000e+00  0.000000000000000e+00 -2.992608201216176e-03 2.937393329933711e-03 5.151520447955760e-03 0.000000000000000e+00 0.000000000000000e+00 0.000000000000000e+00 0.000000000000000e+00 0.000000000000000e+00 0.000000000000000e+00 0.000000000000000e+00 0.000000000000000e+00 0.000000000000000e+00 0.000000000000000e+00 0.000000000000000e+00 
21 1.461324825142888e+21 6.958689643537561e+19 3.106823738773987e-03 8.317793729075521e-23 0.000000000000000e+00 -1.699530601171383e-22  3.106823738773987e-03  0.000000000000000e+00  0.000000000000000e+00  0.000000000000000e+00 -2.995105529815138e-03 3.218541947732837e-03 5.317458473965582e-03 0.000000000000000e+00 0.000000000000000e+00 0.000000000000000e+00 0.000000000000000e+00 0.000000000000000e+00 0.000000000000000e+00 0.000000000000000e+00 0.000000000000000e+00 0.000000000000000e+00 0.000000000000000e+00 0.000000000000000e+00 
21 1.461324825142888e+21 6.958689643537561e+19 3.106823738773972e-03 4.307116923683643e-23 0.000000000000000e+00 8.118492712822054e-23 3.106823738773973e-03 0.000000000000000e+00  0.000000000000000e+00  0.000000000000000e+00 -2.995105529815138e-03 3.218541947732807e-03 5.317458473965564e-03 0.000000000000000e+00 0.000000000000000e+00 0.000000000000000e+00 0.000000000000000e+00 0.000000000000000e+00 0.000000000000000e+00 0.000000000000000e+00 0.000000000000000e+00 0.000000000000000e+00 0.000000000000000e+00 0.000000000000000e+00 
22 1.530911721578263e+21 6.958689643537561e+19  3.248626662546604e-03 -1.367219074877457e-23  0.000000000000000e+00 1.676963593799905e-22 3.248626662546605e-03 0.000000000000000e+00  0.000000000000000e+00  0.000000000000000e+00 -2.997329579547567e-03 3.499923745545642e-03 5.485538714989456e-03 0.000000000000000e+00 0.000000000000000e+00 0.000000000000000e+00 0.000000000000000e+00 0.000000000000000e+00 0.000000000000000e+00 0.000000000000000e+00 0.000000000000000e+00 0.000000000000000e+00 0.000000000000000e+00 0.000000000000000e+00 
23 1.600498618013639e+21 6.958689643537561e+19 3.390410494163914e-03 2.517900092162791e-22 0.000000000000000e+00 1.882820367043245e-22 3.390410494163914e-03 0.000000000000000e+00  0.000000000000000e+00  0.000000000000000e+00 -2.999307932728910e-03 3.781513055598918e-03 5.655582614833255e-03 0.000000000000000e+00 0.000000000000000e+00 0.000000000000000e+00 0.000000000000000e+00 0.000000000000000e+00 0.000000000000000e+00 0.000000000000000e+00 0.000000000000000e+00 0.000000000000000e+00 0.000000000000000e+00 0.000000000000000e+00 
24 1.670085514449014e+21 6.958689643537561e+19 3.532176110985281e-03 2.917388442174717e-22 0.000000000000000e+00 4.808268051073184e-22 3.532176110985282e-03 0.000000000000000e+00  0.000000000000000e+00  0.000000000000000e+00 -3.001064907154781e-03 4.063287314815782e-03 5.827428827106013e-03 0.000000000000000e+00 0.000000000000000e+00 0.000000000000000e+00 0.000000000000000e+00 0.000000000000000e+00 0.000000000000000e+00 0.000000000000000e+00 0.000000000000000e+00 0.000000000000000e+00 0.000000000000000e+00 0.000000000000000e+00 
25 1.739672410884390e+21 6.958689643537561e+19 3.673924320087714e-03 1.524683295225537e-22 0.000000000000000e+00 2.539458922715508e-22 3.673924320087715e-03 0.000000000000000e+00  0.000000000000000e+00  0.000000000000000e+00 -3.002622018181475e-03 4.345226621993954e-03 6.000931494654154e-03 0.000000000000000e+00 0.000000000000000e+00 0.000000000000000e+00 0.000000000000000e+00 0.000000000000000e+00 0.000000000000000e+00 0.000000000000000e+00 0.000000000000000e+00 0.000000000000000e+00 0.000000000000000e+00 0.000000000000000e+00 
26 1.809259307319765e+21 6.958689643537561e+19  3.815655866420110e-03 -4.075308065672505e-23  0.000000000000000e+00 -1.197559126562843e-22  3.815655866420111e-03  0.000000000000000e+00  0.000000000000000e+00  0.000000000000000e+00 -3.003998345244809e-03 4.627313387595412e-03 6.175958665674987e-03 0.000000000000000e+00 0.000000000000000e+00 0.000000000000000e+00 0.000000000000000e+00 0.000000000000000e+00 0.000000000000000e+00 0.000000000000000e+00 0.000000000000000e+00 0.000000000000000e+00 0.000000000000000e+00 0.000000000000000e+00 
