0 0.000000000000000e+00 6.958689643537561e+19 -5.006678952634578e-07  5.510574519215784e-54  0.000000000000000e+00  6.042181871546942e-54 -5.006678952634578e-07  0.000000000000000e+00  0.000000000000000e+00  0.000000000000000e+00 -5.006678952634578e-07 -1.502003685790373e-06 8.671822323148821e-07 0.000000000000000e+00 0.000000000000000e+00 0.000000000000000e+00 0.000000000000000e+00 0.000000000000000e+00 0.000000000000000e+00 0.000000000000000e+00 0.000000000000000e+00 0.000000000000000e+00 0.000000000000000e+00 0.000000000000000e+00 
1 6.958689643537561e+19 6.958689643537561e+19 nan nan nan nan nan nan nan nan nan nan nan 0.000000000000000e+00 0.000000000000000e+00 0.000000000000000e+00 0.000000000000000e+00 0.000000000000000e+00 0.000000000000000e+00 0.000000000000000e+00 0.000000000000000e+00 0.000000000000000e+00 0.000000000000000e+00 0.000000000000000e+00 
1 6.958689643537561e+19 6.958689643537561e+19 nan nan nan nan nan nan nan nan nan nan nan 0.000000000000000e+00 0.000000000000000e+00 0.000000000000000e+00 0.000000000000000e+00 0.000000000000000e+00 0.000000000000000e+00 0.000000000000000e+00 0.000000000000000e+00 0.000000000000000e+00 0.000000000000000e+00 0.000000000000000e+00 
2 1.391737928707512e+20 6.958689643537561e+19 nan nan nan nan nan nan nan nan nan nan nan 0.000000000000000e+00 0.000000000000000e+00 0.000000000000000e+00 0.000000000000000e+00 0.000000000000000e+00 0.000000000000000e+00 0.000000000000000e+00 0.000000000000000e+00 0.000000000000000e+00 0.000000000000000e+00 0.000000000000000e+00 
3 2.087606893061268e+20 6.958689643537561e+19 nan nan nan nan nan nan nan nan nan nan nan 0.000000000000000e+00 0.000000000000000e+00 0.000000000000000e+00 0.000000000000000e+00 0.000000000000000e+00 0.000000000000000e+00 0.000000000000000e+00 0.000000000000000e+00 0.000000000000000e+00 0.000000000000000e+00 0.000000000000000e+00 
4 2.783475857415024e+20 6.958689643537561e+19 nan nan nan nan nan nan nan nan nan nan nan 0.000000000000000e+00 0.000000000000000e+00 0.000000000000000e+00 0.000000000000000e+00 0.000000000000000e+00 0.000000000000000e+00 0.000000000000000e+00 0.000000000000000e+00 0.000000000000000e+00 0.000000000000000e+00 0.000000000000000e+00 
5 3.479344821768781e+20 6.958689643537561e+19 nan nan nan nan nan nan nan nan nan nan nan 0.000000000000000e+00 0.000000000000000e+00 0.000000000000000e+00 0.000000000000000e+00 0.000000000000000e+00 0.000000000000000e+00 0.000000000000000e+00 0.000000000000000e+00 0.000000000000000e+00 0.000000000000000e+00 0.000000000000000e+00 
6 4.175213786122537e+20 6.958689643537561e+19 nan nan nan nan nan nan nan nan nan nan nan 0.000000000000000e+00 0.000000000000000e+00 0.000000000000000e+00 0.000000000000000e+00 0.000000000000000e+00 0.000000000000000e+00 0.000000000000000e+00 0.000000000000000e+00 0.000000000000000e+00 0.000000000000000e+00 0.000000000000000e+00 
6 4.175213786122537e+20 6.958689643537561e+19 nan nan nan nan nan nan nan nan nan nan nan 0.000000000000000e+00 0.000000000000000e+00 0.000000000000000e+00 0.000000000000000e+00 0.000000000000000e+00 0.000000000000000e+00 0.000000000000000e+00 0.000000000000000e+00 0.000000000000000e+00 0.000000000000000e+00 0.000000000000000e+00 
7 4.871082750476293e+20 6.958689643537561e+19 nan nan nan nan nan nan nan nan nan nan nan 0.000000000000000e+00 0.000000000000000e+00 0.000000000000000e+00 0.000000000000000e+00 0.000000000000000e+00 0.000000000000000e+00 0.000000000000000e+00 0.000000000000000e+00 0.000000000000000e+00 0.000000000000000e+00 0.000000000000000e+00 
8 5.566951714830050e+20 6.958689643537561e+19 nan nan nan nan nan nan nan nan nan nan nan 0.000000000000000e+00 0.000000000000000e+00 0.000000000000000e+00 0.000000000000000e+00 0.000000000000000e+00 0.000000000000000e+00 0.000000000000000e+00 0.000000000000000e+00 0.000000000000000e+00 0.000000000000000e+00 0.000000000000000e+00 
9 6.262820679183806e+20 6.958689643537561e+19 nan nan nan nan nan nan nan nan nan nan nan 0.000000000000000e+00 0.000000000000000e+00 0.000000000000000e+00 0.000000000000000e+00 0.000000000000000e+00 0.000000000000000e+00 0.000000000000000e+00 0.000000000000000e+00 0.000000000000000e+00 0.000000000000000e+00 0.000000000000000e+00 
10 6.958689643537562e+20 6.958689643537561e+19 1.532568772937434e-03 8.962936774404034e-23 0.000000000000000e+00 1.038337769614736e-22 1.532568772937434e-03 0.000000000000000e+00  0.000000000000000e+00  0.000000000000000e+00 -4.093802286851270e-03 -1.028664740976401e-03 4.632143267580850e-03 0.000000000000000e+00 0.000000000000000e+00 0.000000000000000e+00 0.000000000000000e+00 0.000000000000000e+00 0.000000000000000e+00 0.000000000000000e+00 0.000000000000000e+00 0.000000000000000e+00 0.000000000000000e+00 0.000000000000000e+00 
11 7.654558607891319e+20 6.958689643537561e+19 1.674729936696583e-03 8.227365985024489e-23 0.000000000000000e+00 1.191179989397958e-22 1.674729936696584e-03 0.000000000000000e+00  0.000000000000000e+00  0.000000000000000e+00 -4.106331707746901e-03 -7.568718343537342e-04 4.740400912980153e-03 0.000000000000000e+00 0.000000000000000e+00 0.000000000000000e+00 0.000000000000000e+00 0.000000000000000e+00 0.000000000000000e+00 0.000000000000000e+00 0.000000000000000e+00 0.000000000000000e+00 0.000000000000000e+00 0.000000000000000e+00 
11 7.654558607891319e+20 6.958689643537561e+19 1.674729936696583e-03 1.431282195542573e-23 0.000000000000000e+00 5.838042126215114e-23 1.674729936696583e-03 0.000000000000000e+00  0.000000000000000e+00  0.000000000000000e+00 -4.106331707746901e-03 -7.568718343537355e-04 4.740400912980153e-03 0.000000000000000e+00 0.000000000000000e+00 0.000000000000000e+00 0.000000000000000e+00 0.000000000000000e+00 0.000000000000000e+00 0.000000000000000e+00 0.000000000000000e+00 0.000000000000000e+00 0.000000000000000e+00 0.000000000000000e+00 
12 8.350427572245075e+20 6.958689643537561e+19  1.816848318277396e-03 -1.513946327606249e-22  0.000000000000000e+00 -2.014531241304995e-22  1.816848318277396e-03  0.000000000000000e+00  0.000000000000000e+00  0.000000000000000e+00 -4.117386108072664e-03 -4.836894715178732e-04 4.853322983915717e-03 0.000000000000000e+00 0.000000000000000e+00 0.000000000000000e+00 0.000000000000000e+00 0.000000000000000e+00 0.000000000000000e+00 0.000000000000000e+00 0.000000000000000e+00 0.000000000000000e+00 0.000000000000000e+00 0.000000000000000e+00 
13 9.046296536598831e+20 6.958689643537561e+19 1.958927726134393e-03 6.338487763867412e-23 0.000000000000000e+00 1.230012227044010e-22 1.958927726134393e-03 0.000000000000000e+00  0.000000000000000e+00  0.000000000000000e+00 -4.127169856141798e-03 -2.093144038730118e-04 4.970747096149797e-03 0.000000000000000e+00 0.000000000000000e+00 0.000000000000000e+00 0.000000000000000e+00 0.000000000000000e+00 0.000000000000000e+00 0.000000000000000e+00 0.000000000000000e+00 0.000000000000000e+00 0.000000000000000e+00 0.000000000000000e+00 
14 9.742165500952588e+20 6.958689643537561e+19 2.100971328799265e-03 9.419071944554681e-23 0.000000000000000e+00 -2.332299852171070e-22  2.100971328799265e-03  0.000000000000000e+00  0.000000000000000e+00  0.000000000000000e+00 -4.135850790764230e-03 6.609186683429955e-05 5.092486898592691e-03 0.000000000000000e+00 0.000000000000000e+00 0.000000000000000e+00 0.000000000000000e+00 0.000000000000000e+00 0.000000000000000e+00 0.000000000000000e+00 0.000000000000000e+00 0.000000000000000e+00 0.000000000000000e+00 0.000000000000000e+00 
15 1.043803446530634e+21 6.958689643537561e+19  2.242981815495218e-03 -6.001119028056160e-24  0.000000000000000e+00 -6.468984485909114e-23  2.242981815495218e-03  0.000000000000000e+00  0.000000000000000e+00  0.000000000000000e+00 -4.143568681768422e-03 3.423949492220137e-04 5.218342291361937e-03 0.000000000000000e+00 0.000000000000000e+00 0.000000000000000e+00 0.000000000000000e+00 0.000000000000000e+00 0.000000000000000e+00 0.000000000000000e+00 0.000000000000000e+00 0.000000000000000e+00 0.000000000000000e+00 0.000000000000000e+00 
16 1.113390342966010e+21 6.958689643537561e+19  2.384961505183701e-03 -3.805267002134341e-23  0.000000000000000e+00 1.790725218396477e-22 2.384961505183700e-03 0.000000000000000e+00  0.000000000000000e+00  0.000000000000000e+00 -4.150441159046869e-03 6.194818513205317e-04 5.348106634793899e-03 0.000000000000000e+00 0.000000000000000e+00 0.000000000000000e+00 0.000000000000000e+00 0.000000000000000e+00 0.000000000000000e+00 0.000000000000000e+00 0.000000000000000e+00 0.000000000000000e+00 0.000000000000000e+00 0.000000000000000e+00 
16 1.113390342966010e+21 6.958689643537561e+19  2.384961505183710e-03 -1.031882132264601e-22  0.000000000000000e+00 3.631243093154583e-23 2.384961505183709e-03 0.000000000000000e+00  0.000000000000000e+00  0.000000000000000e+00 -4.150441159046871e-03 6.194818513205478e-04 5.348106634793908e-03 0.000000000000000e+00 0.000000000000000e+00 0.000000000000000e+00 0.000000000000000e+00 0.000000000000000e+00 0.000000000000000e+00 0.000000000000000e+00 0.000000000000000e+00 0.000000000000000e+00 0.000000000000000e+00 0.000000000000000e+00 
17 1.182977239401386e+21 6.958689643537561e+19 2.526912423396921e-03 1.471509889429985e-22 0.000000000000000e+00 -1.513415591614965e-23  2.526912423396921e-03  0.000000000000000e+00  0.000000000000000e+00  0.000000000000000e+00 -4.156568074319605e-03 8.972567724742373e-04 5.481571941285491e-03 0.000000000000000e+00 0.000000000000000e+00 0.000000000000000e+00 0.000000000000000e+00 0.000000000000000e+00 0.000000000000000e+00 0.000000000000000e+00 0.000000000000000e+00 0.000000000000000e+00 0.000000000000000e+00 0.000000000000000e+00 
18 1.252564135836761e+21 6.958689643537561e+19 2.668836357919034e-03 4.551141110491940e-22 0.000000000000000e+00 1.863488901621599e-22 2.668836357919034e-03 0.000000000000000e+00  0.000000000000000e+00  0.000000000000000e+00 -4.162034813879284e-03 1.175637901958783e-03 5.618532620056969e-03 0.000000000000000e+00 0.000000000000000e+00 0.000000000000000e+00 0.000000000000000e+00 0.000000000000000e+00 0.000000000000000e+00 0.000000000000000e+00 0.000000000000000e+00 0.000000000000000e+00 0.000000000000000e+00 0.000000000000000e+00 
19 1.322151032272137e+21 6.958689643537561e+19  2.810734900475337e-03 -6.374695429901909e-23  0.000000000000000e+00 1.293481725353746e-22 2.810734900475336e-03 0.000000000000000e+00  0.000000000000000e+00  0.000000000000000e+00 -4.166914850085587e-03 1.454554950865087e-03 5.758788130272201e-03 0.000000000000000e+00 0.000000000000000e+00 0.000000000000000e+00 0.000000000000000e+00 0.000000000000000e+00 0.000000000000000e+00 0.000000000000000e+00 0.000000000000000e+00 0.000000000000000e+00 0.000000000000000e+00 0.000000000000000e+00 
20 1.391737928707512e+21 6.958689643537561e+19  2.952609478503415e-03 -3.305408539420693e-22  0.000000000000000e+00 -1.943921031734520e-22  2.952609478503415e-03  0.000000000000000e+00  0.000000000000000e+00  0.000000000000000e+00 -4.171271767938012e-03 1.733947189068817e-03 5.902144832778430e-03 0.000000000000000e+00 0.000000000000000e+00 0.000000000000000e+00 0.000000000000000e+00 0.000000000000000e+00 0.000000000000000e+00 0.000000000000000e+00 0.000000000000000e+00 0.000000000000000e+00 0.000000000000000e+00 0.000000000000000e+00 
21 1.461324825142888e+21 6.958689643537561e+19 3.094461380060403e-03 1.697629712117617e-22 0.000000000000000e+00 3.827619603137329e-22 3.094461380060403e-03 0.000000000000000e+00  0.000000000000000e+00  0.000000000000000e+00 -4.175160864083751e-03 2.013761896037055e-03 6.048417206703523e-03 0.000000000000000e+00 0.000000000000000e+00 0.000000000000000e+00 0.000000000000000e+00 0.000000000000000e+00 0.000000000000000e+00 0.000000000000000e+00 0.000000000000000e+00 0.000000000000000e+00 0.000000000000000e+00 0.000000000000000e+00 
21 1.461324825142888e+21 6.958689643537561e+19  3.094461380060388e-03 -2.747823087153995e-22  0.000000000000000e+00 -3.213671804026654e-22  3.094461380060389e-03  0.000000000000000e+00  0.000000000000000e+00  0.000000000000000e+00 -4.175160864083751e-03 2.013761896037025e-03 6.048417206703507e-03 0.000000000000000e+00 0.000000000000000e+00 0.000000000000000e+00 0.000000000000000e+00 0.000000000000000e+00 0.000000000000000e+00 0.000000000000000e+00 0.000000000000000e+00 0.000000000000000e+00 0.000000000000000e+00 0.000000000000000e+00 
22 1.530911721578263e+21 6.958689643537561e+19  3.236291773606854e-03 -2.436339467639663e-22  0.000000000000000e+00 -4.765286957714212e-23  3.236291773606854e-03  0.000000000000000e+00  0.000000000000000e+00  0.000000000000000e+00 -4.178630451008259e-03 2.293953096205449e-03 6.197428606601636e-03 0.000000000000000e+00 0.000000000000000e+00 0.000000000000000e+00 0.000000000000000e+00 0.000000000000000e+00 0.000000000000000e+00 0.000000000000000e+00 0.000000000000000e+00 0.000000000000000e+00 0.000000000000000e+00 0.000000000000000e+00 
23 1.600498618013639e+21 6.958689643537561e+19 3.378101724011093e-03 2.526075233835336e-22 0.000000000000000e+00 2.752322058637037e-22 3.378101724011094e-03 0.000000000000000e+00  0.000000000000000e+00  0.000000000000000e+00 -4.181722906179484e-03 2.574480541842703e-03 6.349011653761522e-03 0.000000000000000e+00 0.000000000000000e+00 0.000000000000000e+00 0.000000000000000e+00 0.000000000000000e+00 0.000000000000000e+00 0.000000000000000e+00 0.000000000000000e+00 0.000000000000000e+00 0.000000000000000e+00 0.000000000000000e+00 
24 1.670085514449014e+21 6.958689643537561e+19 3.519892205724625e-03 3.450879537319779e-22 0.000000000000000e+00 2.820456643908895e-22 3.519892205724626e-03 0.000000000000000e+00  0.000000000000000e+00  0.000000000000000e+00 -4.184475543009443e-03 2.855308868439808e-03 6.503008369200067e-03 0.000000000000000e+00 0.000000000000000e+00 0.000000000000000e+00 0.000000000000000e+00 0.000000000000000e+00 0.000000000000000e+00 0.000000000000000e+00 0.000000000000000e+00 0.000000000000000e+00 0.000000000000000e+00 0.000000000000000e+00 
25 1.739672410884390e+21 6.958689643537561e+19 3.661664113706124e-03 2.091690138349011e-22 0.000000000000000e+00 5.751307121514112e-23 3.661664113706124e-03 0.000000000000000e+00  0.000000000000000e+00  0.000000000000000e+00 -4.186921356301104e-03 3.136406871111144e-03 6.659270125701223e-03 0.000000000000000e+00 0.000000000000000e+00 0.000000000000000e+00 0.000000000000000e+00 0.000000000000000e+00 0.000000000000000e+00 0.000000000000000e+00 0.000000000000000e+00 0.000000000000000e+00 0.000000000000000e+00 0.000000000000000e+00 
26 1.809259307319765e+21 6.958689643537561e+19 3.803418272637519e-03 3.138552383569785e-22 0.000000000000000e+00 3.091898968590947e-22 3.803418272637520e-03 0.000000000000000e+00  0.000000000000000e+00  0.000000000000000e+00 -4.189089608153820e-03 3.417746937121218e-03 6.817657431875575e-03 0.000000000000000e+00 0.000000000000000e+00 0.000000000000000e+00 0.000000000000000e+00 0.000000000000000e+00 0.000000000000000e+00 0.000000000000000e+00 0.000000000000000e+00 0.000000000000000e+00 0.000000000000000e+00 0.000000000000000e+00 
